INSTANCE_ID, OLD_FORM_ID, NEW_FORM_ID
34430, 259, 300
39514, 259, 300
39481, 244, 292
36926, 259, 300
39485, 259, 300
36693, 181, 300
39559, 161, 300
39543, 259, 300
47793, 249, 121
39593, 255, 300
39595, 249, 121
39594, 255, 300
36912, 248, 300
39612, 161, 300
36972, 259, 300
23241, 161, 300
47829, 244, 292
38181, 249, 121
38381, 181, 300
38390, 249, 121
43904, 244, 292
38409, 249, 121
40798, 249, 121
40769, 42, 300
40799, 259, 300
17304, 42, 300
17305, 46, 300
17306, 46, 300
17307, 161, 300
22402, 249, 121
18722, 161, 300
19423, 249, 121
42761, 244, 292
23101, 248, 300
38596, 259, 300
36932, 161, 300
36898, 259, 300
37212, 249, 121
37198, 259, 300
37558, 249, 121
36959, 259, 300
37927, 259, 300
37209, 45, 300
36973, 161, 300
36817, 248, 300
37018, 244, 292
36987, 295, 290
37103, 161, 300
36883, 161, 300
36609, 259, 300
37091, 259, 300
36989, 259, 300
37137, 249, 121
37153, 181, 300
37256, 246, 300
37955, 161, 300
37969, 259, 300
37692, 161, 300
37312, 259, 300
37355, 259, 300
37322, 181, 300
37310, 259, 300
37431, 248, 300
37358, 259, 300
37687, 249, 121
37997, 248, 300
38029, 243, 300
38032, 243, 300
38013, 259, 300
37986, 251, 300
37168, 161, 300
37163, 161, 300
37522, 249, 121
37735, 252, 300
37763, 259, 300
37815, 249, 121
37770, 161, 300
37495, 243, 300
38076, 161, 300
38124, 42, 300
38119, 251, 300
38089, 251, 300
38075, 43, 300
37878, 248, 300
38267, 250, 292
38242, 259, 300
38214, 244, 292
38180, 181, 300
38233, 259, 300
38234, 161, 300
38345, 259, 300
38357, 249, 121
38317, 249, 121
38355, 259, 300
38729, 223, 300
38932, 244, 292
38943, 251, 300
38554, 259, 300
38496, 244, 292
38450, 161, 300
38925, 253, 300
39020, 251, 300
39392, 259, 300
39407, 259, 300
39406, 259, 300
39332, 259, 300
39286, 249, 121
39435, 259, 300
39338, 259, 300
39343, 259, 300
39383, 259, 300
39336, 259, 300
39344, 259, 300
39346, 259, 300
39347, 259, 300
39390, 259, 300
39386, 259, 300
2399, 42, 300
42773, 249, 121
39381, 259, 300
39388, 259, 300
39335, 259, 300
34816, 259, 300
36373, 259, 300
41791, 42, 300
41838, 248, 300
41839, 248, 300
41864, 251, 300
37694, 259, 300
2150, 42, 300
2182, 42, 300
2198, 42, 300
2199, 42, 300
2271, 42, 300
42783, 243, 300
42807, 243, 300
42800, 259, 300
42794, 251, 300
42809, 249, 121
42744, 249, 121
42735, 249, 121
43598, 259, 300
43558, 42, 300
43607, 256, 300
43559, 251, 300
43613, 243, 300
43888, 249, 121
43555, 256, 300
43517, 259, 300
43600, 253, 300
43569, 243, 300
46998, 245, 300
37531, 259, 300
46992, 249, 121
46295, 161, 300
46991, 249, 121
43706, 251, 300
43666, 243, 300
43657, 249, 121
43673, 245, 300
43676, 245, 300
43703, 251, 300
43674, 245, 300
47379, 244, 292
47310, 259, 300
47309, 259, 300
47284, 244, 292
47311, 161, 300
43675, 245, 300
47389, 259, 300
43802, 161, 300
37397, 259, 300
43752, 223, 300
43780, 249, 121
43785, 249, 121
47472, 161, 300
43934, 42, 300
47454, 42, 300
2318, 42, 300
43884, 161, 300
43811, 245, 300
43881, 243, 300
43860, 243, 300
43812, 245, 300
43813, 245, 300
43950, 259, 300
43944, 161, 300
47525, 249, 121
46289, 249, 121
47051, 249, 121
47530, 249, 121
46304, 259, 300
45235, 259, 300
47577, 249, 121
45296, 248, 300
47589, 249, 121
47607, 259, 300
47604, 259, 300
47605, 259, 300
45270, 249, 121
45274, 249, 121
45267, 161, 300
45340, 259, 300
39405, 259, 300
46335, 249, 121
45348, 249, 121
45354, 248, 300
45362, 259, 300
45371, 243, 300
37788, 248, 300
47667, 161, 300
45403, 259, 300
47688, 161, 300
45458, 243, 300
45456, 259, 300
47697, 259, 300
47654, 259, 300
45422, 249, 121
46345, 248, 300
47699, 259, 300
40818, 259, 300
45481, 243, 300
45477, 161, 300
45466, 259, 300
45467, 259, 300
45475, 259, 300
47700, 259, 300
47713, 259, 300
47714, 259, 300
45498, 259, 300
47711, 259, 300
47712, 259, 300
47720, 259, 300
47718, 259, 300
47214, 243, 300
46414, 259, 300
46358, 161, 300
46359, 250, 292
37599, 259, 300
46409, 251, 300
46357, 161, 300
37888, 259, 300
47730, 255, 300
47734, 254, 300
46908, 161, 300
46906, 42, 300
47740, 259, 300
47741, 259, 300
47742, 259, 300
47736, 259, 300
46948, 246, 300
46966, 245, 300
46968, 245, 300
46969, 245, 300
46933, 248, 300
46944, 248, 300
46971, 245, 300
46943, 259, 300
46967, 245, 300
46909, 161, 300
47269, 223, 300
47735, 259, 300
47787, 249, 121
47788, 243, 300
47790, 259, 300
2674, 42, 300
2695, 42, 300
2664, 42, 300
2761, 42, 300
2943, 161, 300
2961, 161, 300
3161, 161, 300
4002, 161, 300
4085, 161, 300
4208, 161, 300
4209, 43, 300
4225, 43, 300
4226, 42, 300
4227, 42, 300
4341, 42, 300
5582, 161, 300
36314, 161, 300
7301, 42, 300
7701, 42, 300
8021, 161, 300
8221, 161, 300
8307, 42, 300
8561, 42, 300
8581, 161, 300
9362, 161, 300
9541, 161, 300
9542, 161, 300
9582, 161, 300
10001, 161, 300
10041, 161, 300
10401, 161, 300
10781, 161, 300
11361, 161, 300
11641, 161, 300
12661, 45, 300
13043, 43, 300
13101, 43, 300
36514, 259, 300
13281, 181, 300
13321, 201, 300
14403, 248, 300
14521, 161, 300
14741, 161, 300
36316, 42, 300
15601, 161, 300
16621, 42, 300
17081, 161, 300
17101, 161, 300
17161, 161, 300
17221, 221, 300
17322, 161, 300
17323, 248, 300
17481, 249, 121
17621, 249, 121
18081, 221, 300
18241, 248, 300
36537, 259, 300
36852, 181, 300
18781, 249, 121
18843, 161, 300
19141, 161, 300
19281, 248, 300
19301, 248, 300
34671, 161, 300
19501, 161, 300
19322, 249, 121
19507, 248, 300
20005, 249, 121
19701, 161, 300
19801, 161, 300
20282, 249, 121
19821, 243, 300
19864, 46, 300
19881, 244, 292
19922, 248, 300
20101, 245, 300
20161, 42, 300
20202, 245, 300
20263, 248, 300
36521, 42, 300
20526, 161, 300
20668, 249, 121
20761, 243, 300
20843, 243, 300
20961, 248, 300
20981, 248, 300
34673, 42, 300
20665, 161, 300
21361, 161, 300
21269, 249, 121
21521, 243, 300
21581, 248, 300
22064, 246, 300
22181, 248, 300
35207, 259, 300
22203, 161, 300
22261, 246, 300
22281, 161, 300
22285, 161, 300
22322, 249, 121
22363, 201, 300
22121, 249, 121
22401, 248, 300
22442, 246, 300
22541, 161, 300
22881, 249, 121
22761, 244, 292
23082, 248, 300
23341, 245, 300
23243, 46, 300
22841, 249, 121
36366, 256, 300
23647, 248, 300
23661, 248, 300
24244, 248, 300
24401, 248, 300
23663, 249, 121
23922, 42, 300
24004, 260, 300
24007, 260, 300
36368, 161, 300
24102, 42, 300
24064, 249, 121
23283, 161, 300
24103, 249, 121
23681, 249, 121
23861, 161, 300
24206, 244, 292
24263, 201, 300
24281, 42, 300
24581, 42, 300
36375, 259, 300
24661, 251, 300
24126, 249, 121
24162, 249, 121
24562, 249, 121
24127, 249, 121
25247, 256, 300
25345, 201, 300
25441, 243, 300
25581, 161, 300
36853, 181, 300
25801, 249, 121
25681, 249, 121
25861, 249, 121
26041, 161, 300
26261, 221, 300
26421, 246, 300
26563, 246, 300
26842, 256, 300
36393, 222, 300
36378, 251, 300
27261, 249, 121
27421, 252, 300
27582, 161, 300
27902, 243, 300
28481, 246, 300
28281, 161, 300
27401, 249, 121
27622, 249, 121
28741, 161, 300
28742, 161, 300
29061, 201, 300
29164, 201, 300
29181, 246, 300
28981, 249, 121
29322, 249, 121
29682, 249, 121
29421, 161, 300
29721, 249, 121
30062, 248, 300
30063, 248, 300
29821, 244, 292
29781, 249, 121
30501, 248, 300
30602, 244, 292
29921, 249, 121
30161, 249, 121
29961, 249, 121
30584, 161, 300
36402, 251, 300
36405, 243, 300
30703, 259, 300
31442, 181, 300
30881, 252, 300
31261, 253, 300
31281, 253, 300
36384, 259, 300
31601, 248, 300
31562, 259, 300
31341, 249, 121
36871, 161, 300
30727, 201, 300
32241, 254, 300
32001, 248, 300
32401, 246, 300
32502, 246, 300
32786, 253, 300
32621, 244, 292
36859, 249, 121
32602, 42, 300
32941, 250, 292
33322, 253, 300
33441, 243, 300
34682, 248, 300
35222, 259, 300
33483, 181, 300
33729, 42, 300
33726, 259, 300
33383, 259, 300
33321, 253, 300
32943, 249, 121
33721, 161, 300
33724, 259, 300
33481, 245, 300
33482, 245, 300
34160, 259, 300
36539, 259, 300
34574, 248, 300
34610, 249, 121
34394, 259, 300
34289, 245, 300
34446, 249, 121
34723, 249, 121
34177, 259, 300
34850, 249, 121
34904, 249, 121
36861, 45, 300
34524, 259, 300
34737, 249, 121
33765, 249, 121
33737, 245, 300
21181, 249, 121
33806, 259, 300
33775, 249, 121
33785, 249, 121
33759, 249, 121
33787, 249, 121
33757, 161, 300
36571, 259, 300
36569, 249, 121
33064, 46, 300
33794, 259, 300
33744, 42, 300
33805, 245, 300
34175, 161, 300
33826, 243, 300
34129, 243, 300
34341, 259, 300
36566, 249, 121
34235, 259, 300
34268, 259, 300
34238, 259, 300
34119, 259, 300
34096, 259, 300
34209, 257, 300
34516, 249, 121
34805, 248, 300
34773, 259, 300
34414, 256, 300
34118, 246, 300
36438, 246, 300
34452, 259, 300
36434, 248, 300
34343, 244, 292
34525, 259, 300
34517, 42, 300
34607, 249, 121
34609, 249, 121
36445, 244, 292
34720, 249, 121
34777, 259, 300
34651, 249, 121
34699, 253, 300
34770, 259, 300
34764, 246, 300
34492, 259, 300
34923, 259, 300
36872, 161, 300
34272, 249, 121
34730, 249, 121
36435, 259, 300
34935, 42, 300
36439, 259, 300
36442, 259, 300
34198, 259, 300
34429, 259, 300
34217, 259, 300
36580, 248, 300
36903, 259, 300
34250, 244, 292
34099, 259, 300
34237, 259, 300
34335, 259, 300
34220, 259, 300
34295, 259, 300
34807, 42, 300
34277, 249, 121
34586, 259, 300
34530, 249, 121
34608, 249, 121
34345, 248, 300
34751, 161, 300
36615, 244, 292
34265, 244, 292
34308, 244, 292
34496, 259, 300
34521, 259, 300
34537, 181, 300
34128, 181, 300
34750, 249, 121
34432, 259, 300
34262, 248, 300
34585, 259, 300
34771, 259, 300
34346, 181, 300
36612, 45, 300
34503, 244, 292
34646, 246, 300
33832, 249, 121
33871, 249, 121
33876, 244, 292
33872, 248, 300
33892, 249, 121
33873, 248, 300
33883, 42, 300
33850, 161, 300
33875, 42, 300
33812, 259, 300
25245, 161, 300
32021, 161, 300
33915, 256, 300
33894, 161, 300
33847, 244, 292
33886, 256, 300
33916, 249, 121
34652, 249, 121
34627, 259, 300
34383, 161, 300
35221, 259, 300
34806, 42, 300
34466, 249, 121
34746, 249, 121
34511, 259, 300
34756, 259, 300
34507, 249, 121
34404, 248, 300
34754, 249, 121
34596, 249, 121
34947, 249, 121
34384, 248, 300
34256, 42, 300
34945, 161, 300
34187, 259, 300
34509, 249, 121
33924, 249, 121
33989, 249, 121
33961, 249, 121
33957, 249, 121
33994, 259, 300
33954, 259, 300
33995, 259, 300
33962, 259, 300
33944, 259, 300
36633, 254, 300
34905, 259, 300
36626, 161, 300
33990, 286, 300
33946, 248, 300
33969, 250, 292
34000, 259, 300
33922, 161, 300
33973, 259, 300
33966, 250, 292
34061, 259, 300
34064, 259, 300
34063, 259, 300
34067, 259, 300
34062, 259, 300
34073, 259, 300
34070, 259, 300
34080, 259, 300
33461, 259, 300
34030, 249, 121
2237, 42, 300
34040, 249, 121
34007, 253, 300
34066, 243, 300
14582, 161, 300
34263, 248, 300
34392, 249, 121
34193, 245, 300
34922, 259, 300
34165, 249, 121
36658, 259, 300
34932, 259, 300
34337, 259, 300
34087, 259, 300
34415, 249, 121
34933, 259, 300
34076, 42, 300
34012, 259, 300
34353, 259, 300
34944, 161, 300
34788, 249, 121
34899, 249, 121
34840, 259, 300
34941, 244, 292
34735, 161, 300
34204, 249, 121
36659, 259, 300
34740, 249, 121
34133, 259, 300
34736, 249, 121
34567, 259, 300
34753, 249, 121
34088, 259, 300
34233, 259, 300
34339, 259, 300
34137, 259, 300
34068, 259, 300
35517, 244, 292
35449, 244, 292
35737, 259, 300
35519, 259, 300
35586, 249, 121
35745, 249, 121
35714, 244, 292
35774, 249, 121
35782, 249, 121
35419, 245, 300
34964, 246, 300
36900, 259, 300
35010, 248, 300
35004, 223, 300
35038, 223, 300
35006, 253, 300
34992, 259, 300
34889, 42, 300
35033, 249, 121
35060, 161, 300
35042, 249, 121
36691, 243, 300
35063, 249, 121
35061, 259, 300
35059, 259, 300
35085, 161, 300
35119, 249, 121
35110, 244, 292
35769, 181, 300
34367, 259, 300
35376, 246, 300
35514, 248, 300
35522, 259, 300
35223, 259, 300
35771, 251, 300
36701, 248, 300
35198, 259, 300
33999, 259, 300
35144, 248, 300
36899, 259, 300
35173, 223, 300
35800, 244, 292
35573, 248, 300
35357, 259, 300
35228, 249, 121
35631, 161, 300
35779, 259, 300
36901, 259, 300
36897, 259, 300
36904, 259, 300
35288, 243, 300
35526, 259, 300
35574, 249, 121
35619, 249, 121
35642, 249, 121
35632, 249, 121
35607, 181, 300
35766, 253, 300
36753, 246, 300
35550, 249, 121
35530, 244, 292
35661, 249, 121
35731, 259, 300
35724, 249, 121
35510, 223, 300
35481, 259, 300
35470, 181, 300
35180, 259, 300
35181, 244, 292
35185, 259, 300
35386, 249, 121
35732, 259, 300
35697, 259, 300
35710, 253, 300
35190, 259, 300
35187, 259, 300
35191, 259, 300
35189, 259, 300
35201, 244, 292
35184, 259, 300
35188, 259, 300
35186, 259, 300
35585, 249, 121
35521, 259, 300
35692, 255, 300
35721, 248, 300
35698, 249, 121
35509, 223, 300
35902, 255, 300
35838, 254, 300
35701, 259, 300
35889, 243, 300
35878, 161, 300
35833, 259, 300
36479, 161, 300
35699, 259, 300
35897, 249, 121
35830, 246, 300
35873, 244, 292
35967, 259, 300
35893, 259, 300
36754, 246, 300
35916, 251, 300
36777, 251, 300
36762, 259, 300
35966, 259, 300
35945, 249, 121
35957, 249, 121
35962, 249, 121
36036, 249, 121
36033, 249, 121
35770, 181, 300
36014, 249, 121
36053, 249, 121
36016, 249, 121
35722, 259, 300
36065, 259, 300
36770, 249, 121
36814, 248, 300
36809, 46, 300
36833, 259, 300
35904, 251, 300
36034, 249, 121
34956, 259, 300
36830, 259, 300
36174, 161, 300
36112, 259, 300
36520, 42, 300
36245, 255, 300
36256, 42, 300
36281, 256, 300
36064, 259, 300
36280, 259, 300
39604, 259, 300
